50
-1 0 -1 0 -1 -1 0 -1 
43 3025 1 0 0 2 -1 -1 
10 3775 1 0 9 9 -1 -1 
40 3054 1 0 4 9 -1 -1 
15 1194 0 0 -1 -1 -1 -1 
2 5098 2 0 -1 -1 5 2 
6 4765 2 0 -1 -1 10 2 
4 3342 1 0 10 4 -1 -1 
12 5032 2 0 -1 -1 1 1 
16 5423 2 0 -1 -1 10 1 
28 1194 0 0 -1 -1 -1 -1 
18 3969 1 0 5 3 -1 -1 
42 434 0 0 -1 -1 -1 -1 
49 4770 2 0 -1 -1 2 3 
40 945 0 0 -1 -1 -1 -1 
10 3506 1 0 3 4 -1 -1 
15 730 0 0 -1 -1 -1 -1 
19 3633 1 0 2 9 -1 -1 
6 3397 1 0 7 9 -1 -1 
8 689 0 0 -1 -1 -1 -1 
27 5098 2 0 -1 -1 5 3 
35 4522 2 0 -1 -1 7 3 
26 3368 1 0 7 6 -1 -1 
8 3540 1 0 5 9 -1 -1 
29 3035 1 0 3 0 -1 -1 
41 5377 2 0 -1 -1 5 0 
46 4953 2 0 -1 -1 9 1 
34 3737 1 0 5 2 -1 -1 
48 5031 2 0 -1 -1 10 0 
17 1469 0 0 -1 -1 -1 -1 
38 985 0 0 -1 -1 -1 -1 
16 4814 2 0 -1 -1 6 4 
6 237 0 0 -1 -1 -1 -1 
30 459 0 0 -1 -1 -1 -1 
29 4845 2 0 -1 -1 9 1 
9 488 0 0 -1 -1 -1 -1 
4 5270 2 0 -1 -1 3 1 
25 5495 2 0 -1 -1 9 3 
18 4895 2 0 -1 -1 4 1 
24 1166 0 0 -1 -1 -1 -1 
23 5351 2 0 -1 -1 10 0 
26 5489 2 0 -1 -1 0 4 
16 3500 1 0 1 3 -1 -1 
48 1668 0 0 -1 -1 -1 -1 
23 4954 2 0 -1 -1 10 1 
47 4679 2 0 -1 -1 8 0 
26 519 0 0 -1 -1 -1 -1 
49 5042 2 0 -1 -1 8 4 
27 3075 1 0 3 4 -1 -1 
45 1400 0 0 -1 -1 -1 -1 
40 3711 1 0 2 1 -1 -1 
